##[Voxel Mapper]Iteration 890 keyframe id, used times, remaining times:
0 15 1
1 15 1
2 16 0
3 15 1
4 15 1
6 15 1
9 15 1
10 16 0
11 15 1
12 15 1
13 15 1
14 15 1
15 15 1
16 16 0
17 15 1
18 15 1
19 15 1
20 15 1
21 15 1
22 15 1
23 15 1
24 15 1
25 14 1
26 14 1
27 14 1
28 14 1
29 14 1
30 13 1
31 13 1
32 13 1
33 13 1
34 12 1
35 12 1
36 12 1
37 12 1
38 12 1
39 11 1
40 11 1
41 11 1
42 10 1
43 10 1
44 10 1
45 10 1
46 10 1
47 9 1
48 9 1
49 9 1
50 9 1
51 9 1
52 9 1
53 8 1
54 8 1
55 8 1
56 8 1
57 8 1
58 8 1
59 8 1
60 8 1
61 8 1
62 8 1
63 7 1
64 7 1
65 7 1
66 7 1
67 7 1
68 7 1
69 7 1
70 6 1
71 6 1
72 6 1
73 6 1
74 6 1
75 5 1
76 5 1
77 5 1
78 5 1
79 5 1
80 5 1
81 4 1
82 4 1
83 4 1
84 4 1
85 4 1
86 4 1
87 4 1
88 3 1
89 3 1
90 3 1
91 3 1
92 3 1
93 3 1
94 3 0
##=========================================
##[Voxel Mapper]Iteration 889 keyframe id, used times, remaining times:
0 15 1
1 15 1
2 16 0
3 15 1
4 15 1
6 16 0
8 15 1
9 16 0
10 15 1
11 15 1
12 15 1
13 15 1
14 15 1
15 15 1
16 16 0
17 15 1
18 15 1
19 15 1
20 15 1
21 15 1
22 15 1
23 14 1
24 14 1
25 14 1
26 14 1
27 14 0
28 13 1
29 13 1
30 13 1
31 12 1
32 12 1
33 12 1
34 12 1
35 12 1
36 11 1
37 11 1
38 11 1
39 11 0
40 10 1
41 10 1
42 10 1
43 11 0
44 10 1
45 9 1
46 9 1
47 9 1
48 10 0
49 9 1
50 9 1
51 9 1
52 9 1
53 9 1
54 8 1
55 9 0
56 8 1
57 8 1
58 9 0
59 8 1
60 9 0
61 8 1
62 7 1
63 7 1
64 8 0
65 8 0
66 7 1
67 7 1
68 8 0
69 6 1
70 6 1
71 6 1
72 6 1
73 5 1
74 5 1
75 6 0
76 5 1
77 5 1
78 5 1
79 4 1
80 4 1
81 4 1
82 4 1
83 3 1
84 3 1
85 3 1
86 3 1
87 3 1
88 4 0
89 3 1
90 3 1
91 4 0
92 3 0
93 2 1
##=========================================
##[Voxel Mapper]Iteration 981 keyframe id, used times, remaining times:
0 16 0
1 16 0
2 15 1
3 16 0
4 16 0
6 16 0
7 15 1
8 16 0
9 16 0
10 15 1
11 16 0
12 16 0
13 16 0
14 16 0
15 16 0
16 16 0
17 16 0
18 16 0
19 15 1
20 15 1
21 16 0
22 15 1
23 15 0
24 15 0
25 15 0
26 15 0
27 14 0
28 14 0
29 14 0
30 14 0
31 14 0
32 13 0
33 13 0
34 13 0
35 13 0
36 12 0
37 12 0
38 12 0
39 12 0
40 11 0
41 11 0
42 11 0
43 11 0
44 11 0
45 9 1
46 10 0
47 10 0
48 9 1
49 10 0
50 10 0
51 9 1
52 10 0
53 9 0
54 9 0
55 9 0
56 9 0
57 9 0
58 8 1
59 9 0
60 9 0
61 9 0
62 7 1
63 7 1
64 8 0
65 7 1
66 7 1
67 8 0
68 8 0
69 7 1
70 8 0
71 7 0
72 7 0
73 7 0
74 7 0
75 6 1
76 6 0
77 6 0
78 6 0
79 6 0
80 6 0
81 5 0
82 5 0
83 4 1
84 5 0
85 4 1
86 5 0
87 4 0
88 4 0
89 4 0
90 4 0
91 4 0
92 4 0
93 3 1
94 4 0
95 3 0
##=========================================
##[Voxel Mapper]Iteration 981 keyframe id, used times, remaining times:
0 16 0
1 16 0
2 16 0
3 16 0
4 15 1
7 16 0
8 16 0
9 15 1
10 16 0
11 16 0
12 16 0
13 16 0
14 15 1
15 16 0
16 15 1
17 15 1
18 16 0
19 16 0
20 15 1
21 15 1
22 15 1
23 16 0
24 14 1
25 14 1
26 15 0
27 14 1
28 14 1
29 13 1
30 14 0
31 14 0
32 14 0
33 13 0
34 13 0
35 12 1
36 13 0
37 13 0
38 12 0
39 12 0
40 12 0
41 12 0
42 11 0
43 11 0
44 10 1
45 10 1
46 10 1
47 9 1
48 10 0
49 9 1
50 10 0
51 9 1
52 10 0
53 10 0
54 10 0
55 9 0
56 9 0
57 9 0
58 9 0
59 9 0
60 8 1
61 9 0
62 8 1
63 9 0
64 8 0
65 8 0
66 8 0
67 7 1
68 7 1
69 7 1
70 8 0
71 7 1
72 6 1
73 7 0
74 6 1
75 7 0
76 7 0
77 6 0
78 6 0
79 6 0
80 6 0
81 5 1
82 6 0
83 5 0
84 5 0
85 4 1
86 4 1
87 5 0
88 4 0
89 4 0
90 4 0
91 4 0
92 4 0
93 4 0
94 4 0
95 3 1
96 4 0
97 2 1
98 3 0
##=========================================
##[Voxel Mapper]Iteration 981 keyframe id, used times, remaining times:
0 15 1
1 16 0
2 16 0
3 16 0
4 16 0
5 16 0
8 16 0
9 16 0
10 16 0
11 16 0
12 15 1
13 16 0
14 16 0
15 16 0
16 16 0
17 16 0
18 16 0
19 15 1
20 16 0
21 15 1
22 16 0
23 15 1
24 15 0
25 14 1
26 15 0
27 15 0
28 13 1
29 14 0
30 13 1
31 13 1
32 13 1
33 13 0
34 13 0
35 13 0
36 11 1
37 12 0
38 12 0
39 11 1
40 12 0
41 10 1
42 11 0
43 11 0
44 11 0
45 10 0
46 10 0
47 10 0
48 9 1
49 10 0
50 10 0
51 10 0
52 10 0
53 10 0
54 9 0
55 9 0
56 9 0
57 9 0
58 9 0
59 8 1
60 9 0
61 9 0
62 9 0
63 8 0
64 7 1
65 8 0
66 8 0
67 8 0
68 8 0
69 8 0
70 8 0
71 8 0
72 7 0
73 7 0
74 7 0
75 7 0
76 7 0
77 6 0
78 6 0
79 5 1
80 6 0
81 5 1
82 5 0
83 4 1
84 5 0
85 5 0
86 5 0
87 5 0
88 4 0
89 4 0
90 4 0
91 4 0
92 4 0
93 4 0
94 4 0
95 4 0
96 3 0
97 2 1
##=========================================
##[Voxel Mapper]Iteration 881 keyframe id, used times, remaining times:
0 15 0
1 15 0
2 14 1
3 15 0
4 15 0
6 15 0
7 15 0
8 15 0
9 14 1
10 14 1
11 15 0
12 14 1
13 15 0
14 14 1
15 14 1
16 15 0
17 15 0
18 14 1
19 15 0
20 15 0
21 15 0
22 15 0
23 13 1
24 14 0
25 14 0
26 13 1
27 13 0
28 13 0
29 13 0
30 12 1
31 13 0
32 11 1
33 12 0
34 12 0
35 11 1
36 11 0
37 11 0
38 11 0
39 11 0
40 10 0
41 10 0
42 10 0
43 10 0
44 9 1
45 10 0
46 9 0
47 9 0
48 8 1
49 9 0
50 9 0
51 9 0
52 9 0
53 9 0
54 9 0
55 9 0
56 8 0
57 8 0
58 8 0
59 7 1
60 8 0
61 8 0
62 8 0
63 8 0
64 7 0
65 6 1
66 7 0
67 7 0
68 6 1
69 7 0
70 6 0
71 5 1
72 5 1
73 5 1
74 5 1
75 5 0
76 5 0
77 5 0
78 5 0
79 5 0
80 5 0
81 3 1
82 4 0
83 4 0
84 4 0
85 3 1
86 3 1
87 4 0
88 4 0
89 3 0
90 3 0
91 2 1
92 3 0
93 3 0
##=========================================
##[Voxel Mapper]Iteration 985 keyframe id, used times, remaining times:
0 16 0
1 16 0
2 16 0
3 16 0
4 15 1
7 16 0
8 16 0
10 15 1
11 16 0
12 15 1
13 16 0
14 16 0
15 15 1
16 15 1
17 15 1
18 16 0
19 15 1
20 15 1
21 15 1
22 15 1
23 16 0
24 16 0
25 16 0
26 15 0
27 14 1
28 15 0
29 15 0
30 13 1
31 13 1
32 13 1
33 14 0
34 13 1
35 13 0
36 13 0
37 12 1
38 13 0
39 13 0
40 11 1
41 12 0
42 12 0
43 12 0
44 11 0
45 10 1
46 11 0
47 10 0
48 10 0
49 10 0
50 10 0
51 10 0
52 10 0
53 10 0
54 10 0
55 9 0
56 9 0
57 9 0
58 9 0
59 8 1
60 9 0
61 9 0
62 9 0
63 9 0
64 8 1
65 8 0
66 8 0
67 8 0
68 8 0
69 7 1
70 7 1
71 8 0
72 7 1
73 7 0
74 7 0
75 7 0
76 7 0
77 6 1
78 7 0
79 6 0
80 5 1
81 5 1
82 6 0
83 5 1
84 4 1
85 4 1
86 4 1
87 5 0
88 5 0
89 4 0
90 4 0
91 3 1
92 3 1
93 4 0
94 4 0
95 4 0
96 4 0
97 3 0
98 2 1
99 2 1
100 3 0
##=========================================
##[Voxel Mapper]Iteration 981 keyframe id, used times, remaining times:
0 17 0
1 17 0
2 17 0
3 16 1
5 17 0
6 17 0
8 16 1
9 16 1
10 16 1
11 17 0
12 17 0
13 16 1
14 17 0
15 16 1
16 17 0
17 16 1
18 16 1
19 17 0
20 17 0
21 16 1
22 17 0
23 15 1
24 15 1
25 16 0
26 15 1
27 14 1
28 15 0
29 15 0
30 15 0
31 13 1
32 14 0
33 14 0
34 14 0
35 12 1
36 12 1
37 13 0
38 13 0
39 11 1
40 11 1
41 12 0
42 12 0
43 12 0
44 10 1
45 10 1
46 10 1
47 11 0
48 10 1
49 9 1
50 9 1
51 10 0
52 10 0
53 10 0
54 9 1
55 10 0
56 10 0
57 8 1
58 9 0
59 9 0
60 9 0
61 9 0
62 8 1
63 9 0
64 8 1
65 7 1
66 8 0
67 8 0
68 8 0
69 8 0
70 6 1
71 6 1
72 7 0
73 7 0
74 5 1
75 5 1
76 6 0
77 5 1
78 5 1
79 6 0
80 4 1
81 4 1
82 4 1
83 4 1
84 5 0
85 4 0
86 3 1
87 4 0
88 4 0
89 3 1
90 3 1
91 4 0
92 4 0
93 3 1
94 3 0
##=========================================
##[Voxel Mapper]Iteration 2881 keyframe id, used times, remaining times:
0 59 1
1 59 1
2 60 0
3 59 1
5 59 1
7 59 1
8 59 1
10 59 1
11 59 1
12 59 1
13 59 1
14 59 1
15 59 1
16 59 1
17 59 1
18 59 1
19 58 1
20 56 1
21 55 1
22 55 0
23 52 1
24 51 1
25 51 0
26 49 1
27 48 1
28 47 1
29 46 1
30 45 1
31 44 1
32 42 1
33 41 1
34 40 1
35 41 0
36 39 1
37 38 1
38 37 1
39 35 1
40 34 1
41 33 1
42 32 1
43 31 1
44 30 1
45 30 1
46 30 0
47 28 1
48 28 1
49 27 1
50 27 1
51 27 0
52 26 1
53 25 1
54 25 1
55 24 1
56 24 1
57 23 1
58 23 1
59 23 1
60 22 1
61 22 1
62 21 1
63 21 1
64 20 1
65 20 1
66 20 0
67 19 1
68 18 1
69 19 0
70 17 1
71 16 1
72 16 1
73 15 1
74 14 1
75 13 1
76 13 1
77 12 1
78 11 1
79 12 0
80 10 1
81 9 1
82 9 1
83 8 1
84 7 1
85 7 1
86 7 1
87 7 0
88 6 1
89 5 0
##=========================================
##[Voxel Mapper]Iteration 986 keyframe id, used times, remaining times:
0 16 1
1 16 1
2 16 1
3 16 1
4 16 1
5 16 1
7 16 1
8 16 1
10 16 1
11 16 1
12 16 1
13 16 1
14 16 1
15 16 1
16 16 1
17 16 1
18 16 1
19 17 0
20 16 1
21 16 1
22 16 1
23 16 1
24 15 1
25 15 1
26 15 1
27 15 1
28 14 1
29 15 0
30 14 1
31 14 1
32 14 1
33 13 1
34 13 1
35 13 1
36 13 1
37 12 1
38 12 1
39 12 1
40 12 1
41 11 1
42 11 1
43 11 1
44 11 1
45 10 1
46 10 1
47 10 1
48 10 1
49 10 1
50 9 1
51 9 1
52 9 1
53 9 1
54 9 1
55 9 1
56 9 1
57 9 1
58 9 1
59 9 1
60 8 1
61 8 1
62 9 0
63 8 1
64 8 1
65 8 1
66 8 1
67 8 1
68 8 1
69 7 1
70 7 1
71 8 0
72 7 1
73 7 1
74 7 1
75 6 1
76 6 1
77 6 1
78 6 1
79 5 1
80 5 1
81 5 1
82 5 1
83 5 1
84 4 1
85 4 1
86 4 1
87 4 1
88 4 1
89 4 1
90 3 1
91 3 1
92 3 1
93 3 1
94 3 1
95 3 1
96 3 1
97 3 1
98 3 0
99 2 1
##=========================================
##[Voxel Mapper]Iteration 981 keyframe id, used times, remaining times:
0 16 1
1 16 1
2 16 1
3 16 1
5 16 1
6 16 1
8 16 1
9 16 1
10 16 1
11 16 1
12 16 1
13 16 1
14 16 1
15 16 1
16 16 1
17 16 1
18 17 0
19 16 1
20 16 1
21 16 1
22 16 1
23 16 1
24 15 1
25 15 1
26 15 1
27 15 1
28 14 1
29 14 1
30 14 1
31 14 1
32 14 1
33 13 1
34 13 1
35 13 1
36 13 1
37 12 1
38 12 1
39 12 1
40 12 1
41 12 1
42 12 0
43 11 1
44 11 1
45 10 1
46 10 1
47 10 1
48 10 1
49 11 0
50 10 1
51 9 1
52 9 1
53 9 1
54 9 1
55 9 1
56 9 1
57 9 1
58 9 1
59 8 1
60 8 1
61 8 1
62 8 1
63 8 1
64 8 1
65 8 1
66 8 1
67 8 1
68 7 1
69 7 1
70 7 1
71 7 1
72 7 1
73 7 1
74 7 1
75 6 1
76 6 1
77 6 1
78 6 1
79 5 1
80 6 0
81 5 1
82 5 1
83 5 1
84 5 1
85 4 1
86 4 1
87 4 1
88 4 1
89 4 1
90 4 1
91 3 1
92 3 1
93 3 1
94 3 1
95 3 1
96 4 0
##=========================================
##[Voxel Mapper]Iteration 1081 keyframe id, used times, remaining times:
0 16 1
1 17 0
2 17 0
3 17 0
5 17 0
6 16 1
7 17 0
8 17 0
9 17 0
10 17 0
11 17 0
12 17 0
13 17 0
14 16 1
15 17 0
16 16 1
17 17 0
18 17 0
19 17 0
20 17 0
21 17 0
22 16 1
23 16 0
24 16 0
25 16 0
26 15 0
27 15 0
28 15 0
29 14 1
30 14 1
31 14 0
32 14 0
33 14 0
34 14 0
35 13 0
36 13 0
37 13 0
38 13 0
39 13 0
40 12 0
41 12 0
42 12 0
43 12 0
44 11 0
45 11 0
46 11 0
47 11 0
48 11 0
49 11 0
50 11 0
51 10 0
52 10 0
53 10 0
54 10 0
55 9 1
56 10 0
57 9 1
58 10 0
59 9 0
60 9 0
61 9 0
62 9 0
63 9 0
64 9 0
65 9 0
66 9 0
67 9 0
68 8 0
69 7 1
70 8 0
71 8 0
72 8 0
73 8 0
74 8 0
75 7 0
76 7 0
77 7 0
78 7 0
79 7 0
80 6 0
81 6 0
82 6 0
83 6 0
84 6 0
85 5 0
86 4 1
87 5 0
88 4 1
89 5 0
90 4 0
91 4 0
92 4 0
93 4 0
94 4 0
95 4 0
96 4 0
97 4 0
98 3 0
99 2 1
100 3 0
101 3 0
##=========================================
